rm -f sp_lw_17_trappist1e_skel
prep_spec > /dev/null << EOF
sp_lw_17_trappist1e_skel
17
3
1
2
13
3
1 1
2 2
13 13
0
c
2.500000000E+02     1.000000000E+00
3.400000000E+02     2.500000000E+02
4.000000000E+02     3.400000000E+02
4.800000000E+02     4.000000000E+02
5.200000000E+02     4.800000000E+02
5.700000000E+02     5.200000000E+02
7.500000000E+02     5.700000000E+02
8.600000000E+02     7.500000000E+02
1.110000000E+03     8.600000000E+02
1.150000000E+03     1.110000000E+03
1.200000000E+03     1.150000000E+03
1.310000000E+03     1.200000000E+03
1.420000000E+03     1.310000000E+03
1.550000000E+03     1.420000000E+03
1.830000000E+03     1.550000000E+03
2.020000000E+03     1.830000000E+03
3.000000000E+03     2.020000000E+03
0
0
0
0
0
0
0
0
0
0
0
0
0
0
0
0
0
0
0
0
0
0
0
0
0
0
0
0
0
0
0
0
0
0
n
-1
EOF