rm -f sp_sw_42_trappist1e_skel

prep_spec << EOF
sp_sw_42_trappist1e_skel
42
3
1
2
13
3
1 1
2 2
13 13
0
m
2.000000000E-07     3.000000000E-07
3.000000000E-07     3.450000000E-07
3.450000000E-07     3.850000000E-07
3.850000000E-07     4.200000000E-07
4.200000000E-07     4.500000000E-07
4.500000000E-07     5.000000000E-07
5.000000000E-07     5.500000000E-07
5.500000000E-07     6.100000000E-07
6.100000000E-07     6.900000000E-07
6.900000000E-07     7.800000000E-07
7.800000000E-07     8.000000000E-07
8.000000000E-07     8.700000000E-07
8.700000000E-07     8.800000000E-07
8.800000000E-07     1.030000000E-06 
1.030000000E-06     1.080000000E-06
1.080000000E-06     1.140000000E-06
1.140000000E-06     1.200000000E-06
1.200000000E-06     1.240000000E-06
1.240000000E-06     1.280000000E-06
1.280000000E-06     1.340000000E-06
1.340000000E-06     1.420000000E-06
1.420000000E-06     1.460000000E-06
1.460000000E-06     1.490000000E-06
1.490000000E-06     1.520000000E-06
1.520000000E-06     1.680000000E-06
1.680000000E-06     1.740000000E-06
1.740000000E-06     1.820000000E-06
1.820000000E-06     1.940000000E-06
1.940000000E-06     2.200000000E-06
2.200000000E-06     2.300000000E-06
2.300000000E-06     2.450000000E-06
2.450000000E-06     2.550000000E-06
2.550000000E-06     2.650000000E-06
2.650000000E-06     2.900000000E-06
2.900000000E-06     3.200000000E-06
3.200000000E-06     3.500000000E-06
3.500000000E-06     3.900000000E-06
3.900000000E-06     5.500000000E-06
5.500000000E-06     6.500000000E-06
6.500000000E-06     7.000000000E-06
7.000000000E-06     9.000000000E-06
9.000000000E-06     2.000000000E-05
0
0
0
0
0
0
0
0
0
0
0
0
0
0
0
0
0
0
0
0
0
0
0
0
0
0
0
0
0
0
0
0
0
0
0
0
0
0
0
0
0
0
0
0
0
0
0
0
0
0
0
0
0
0
0
0
0
0
0
0
0
0
0
0
0
0
0
0
0
0
0
0
0
0
0
0
0
0
0
0
0
0
0
0
n
-1
EOF