*BLOCK: TYPE =    0: SUBTYPE =    0: VERSION =    2
Summary of spectral data.
Number of spectral bands =    17
Total number of gaseous absorbers =     3
Maximum number of k-terms in a band =    64
Maximum number of spectral sub-bands in a band = 28597
Total number of generalised continua =     3
Maximum number of continuum k-terms in a band =    46
List of indexing numbers and absorbers.
Index       Absorber(identifier and name)
    1           1       Water Vapour        
    2           2       Carbon Dioxide      
    3          13       Nitrogen            
Listing of continuum indexing numbers and gases.
Index     Gas 1(index and name)              Gas 2(index and name)
    1         1     Water Vapour                 1     Water Vapour        
    2         2     Carbon Dioxide               2     Carbon Dioxide      
    3         3     Nitrogen                     3     Nitrogen            
*END
*BLOCK: TYPE =    1: SUBTYPE =    0: VERSION =    0
Specification of spectral intervals
Limits of spectral intervals (wavelengths in m.)
Band        Lower limit         Upper limit
    1        4.000000000E-05     1.000000000E-02
    2        2.941176471E-05     4.000000000E-05
    3        2.500000000E-05     2.941176471E-05
    4        2.083333333E-05     2.500000000E-05
    5        1.923076923E-05     2.083333333E-05
    6        1.754385965E-05     1.923076923E-05
    7        1.333333333E-05     1.754385965E-05
    8        1.162790698E-05     1.333333333E-05
    9        9.009009009E-06     1.162790698E-05
   10        8.695652174E-06     9.009009009E-06
   11        8.333333333E-06     8.695652174E-06
   12        7.633587786E-06     8.333333333E-06
   13        7.042253521E-06     7.633587786E-06
   14        6.451612903E-06     7.042253521E-06
   15        5.464480874E-06     6.451612903E-06
   16        4.950495050E-06     5.464480874E-06
   17        3.333333333E-06     4.950495050E-06
*END
*BLOCK: TYPE =    4: SUBTYPE =    0: VERSION =    1
Gaseous absorbers in each interval
(The number is the indexing number of the species as set out
 in the summary block 0.)
A zero indicates that there is no gaseous absorption in the interval.
Band, number of absorbers and overlap method, followed by indexing numbers
    1           2           0
         1    2
    2           2           0
         1    2
    3           2           0
         1    2
    4           2           0
         1    2
    5           2           0
         1    2
    6           2           0
         1    2
    7           2           0
         1    2
    8           2           0
         1    2
    9           2           0
         1    2
   10           2           0
         1    2
   11           2           0
         1    2
   12           2           0
         1    2
   13           2           0
         1    2
   14           2           0
         1    2
   15           2           0
         1    2
   16           2           0
         1    2
   17           2           0
         1    2
*END
*BLOCK: TYPE =    5: SUBTYPE =    0: version =    1
Exponential sum fiting coefficients: (exponents: m2/kg)
Self-broadened indexing numbers of all absorbers.
(Zero means no self-broadening.)
    0    1    0
Band        Gas, Number of k-terms, Scaling type and scaling function,
             followed by reference pressure and temperature,
                   k-terms, weights and scaling parameters.
    1           1          46           2           9
          61          13
    1.366457901E-02    1.118072741E-05
    2.222410332E-02    5.683762982E-05
    2.992610897E-02    5.614754618E-05
    5.272666260E-02    1.149549046E-04
    9.594834478E-02    6.748921730E-04
    1.254459977E-01    1.274733285E-03
    1.986009900E-01    7.833813933E-02
    3.235293983E-01    1.453042994E-01
    5.219310610E-01    2.222396692E-01
    7.953809716E-01    1.980917107E-01
    1.267858155E+00    1.267748455E-01
    2.011395714E+00    8.419466135E-02
    3.196079558E+00    5.152170236E-02
    5.080547299E+00    3.279432951E-02
    8.022555239E+00    2.009140578E-02
    1.275568308E+01    1.452263704E-02
    2.024091148E+01    8.672685228E-03
    3.200996054E+01    5.559488484E-03
    5.097553356E+01    3.328170470E-03
    8.100745139E+01    2.060958842E-03
    1.288895726E+02    1.336050494E-03
    2.050888695E+02    7.786268068E-04
    3.163358713E+02    5.019065000E-04
    5.161147960E+02    3.641630205E-04
    8.207546780E+02    1.227837124E-04
    1.348714066E+03    1.677725456E-04
    1.890309475E+03    6.253892967E-05
    3.092345541E+03    7.201836750E-05
    5.535948353E+03    9.739849451E-05
    8.277528969E+03    6.447823306E-05
    1.364750171E+04    6.819064759E-05
    2.197114087E+04    8.154104813E-05
    3.240104563E+04    6.348405268E-05
    5.611409394E+04    6.400702036E-05
    8.672145320E+04    1.108296109E-04
    1.311227618E+05    5.108516277E-05
    2.118995611E+05    4.275979103E-05
    3.580812387E+05    4.846688091E-05
    5.515324673E+05    5.716303332E-05
    8.025058900E+05    2.790818546E-05
    1.358460759E+06    3.709466445E-05
    2.050561711E+06    3.249868201E-05
    3.213185596E+06    1.664559212E-05
    4.594047865E+06    1.811382254E-05
    6.972549351E+06    1.338417126E-05
    1.484676365E+07    1.564107394E-05
    1           2           1           2           9
          61          13
    1.129816374E-07    1.000000000E+00
    2           1          37           2           9
          61          13
    1.504770953E-01    3.273784029E-01
    2.345266880E-01    2.301675554E-01
    3.771914527E-01    1.363584319E-01
    6.121986917E-01    1.067997033E-01
    9.703917938E-01    7.710617560E-02
    1.539701755E+00    4.360218559E-02
    2.499275511E+00    2.813801402E-02
    3.980749654E+00    1.765568083E-02
    6.328663077E+00    1.123361594E-02
    1.026036191E+01    7.735496344E-03
    1.637460764E+01    4.998148575E-03
    2.608218170E+01    2.934583964E-03
    4.229285946E+01    1.866854281E-03
    6.765629940E+01    1.211213700E-03
    1.066103922E+02    8.262847641E-04
    1.702116010E+02    4.201639640E-04
    2.721759219E+02    2.846916258E-04
    4.302774393E+02    1.187999844E-04
    7.251021416E+02    1.113095855E-04
    1.128677881E+03    8.007354004E-05
    1.880437275E+03    1.105013233E-04
    2.941361155E+03    6.674239567E-05
    4.791525238E+03    9.879062036E-05
    7.876476152E+03    7.313408880E-05
    1.204238173E+04    1.343375772E-04
    1.651088454E+04    1.242549480E-05
    3.486724684E+04    4.592714048E-05
    4.998711794E+04    5.503214980E-05
    9.051588601E+04    5.680560119E-05
    1.362467387E+05    6.584351602E-05
    2.072113799E+05    8.689557853E-05
    5.316922306E+05    6.906509696E-05
    8.300627952E+05    3.375611535E-05
    1.350134605E+06    2.104410959E-05
    2.023925612E+06    2.215361356E-05
    3.712507670E+06    1.056136052E-05
    7.300077999E+06    9.598441271E-06
    2           2           5           2           9
          61          13
    5.464371294E-07    1.701332031E-01
    8.787067886E-07    1.829311477E-01
    1.406351673E-06    1.864404017E-01
    2.297745625E-06    2.233494579E-01
    3.679314791E-06    2.371457896E-01
    3           1          34           2           9
          61          13
    7.018156953E-02    2.765252402E-01
    1.152251303E-01    2.070061863E-01
    1.848693085E-01    1.328107496E-01
    2.968750726E-01    1.391938790E-01
    4.596567242E-01    9.583858704E-02
    7.475812640E-01    5.372631251E-02
    1.176970226E+00    3.565121385E-02
    1.893942379E+00    2.206909563E-02
    3.013452321E+00    1.382277332E-02
    4.817941554E+00    8.583718319E-03
    7.694652233E+00    5.357322030E-03
    1.223834880E+01    3.286898143E-03
    1.951660412E+01    2.058231692E-03
    3.069492857E+01    1.194525065E-03
    4.911435031E+01    7.773561303E-04
    7.738999286E+01    3.952952676E-04
    1.304209545E+02    1.005218312E-04
    2.187527513E+02    1.172387295E-04
    3.532396483E+02    1.650296561E-04
    5.471885140E+02    6.825883724E-05
    8.927047021E+02    1.163163920E-04
    1.359562278E+03    1.006219115E-04
    2.208660416E+03    1.326114865E-04
    3.404666696E+03    1.169683960E-04
    5.494113629E+03    1.174601473E-04
    8.930763132E+03    1.681848989E-05
    1.483602683E+04    1.339218307E-04
    2.379201149E+04    1.011410843E-04
    3.696856972E+04    8.492127554E-05
    5.433889887E+04    1.176430824E-04
    1.044956067E+05    6.702419241E-05
    1.557974045E+05    8.071141740E-05
    1.974734539E+05    4.928679245E-05
    4.733039880E+05    1.612040802E-05
    3           2           3           2           9
          61          13
    5.590917793E-06    2.747991193E-01
    8.118996566E-06    3.218212084E-01
    1.170293797E-05    4.033796723E-01
    4           1          33           2           9
          61          13
    4.014983071E-02    3.018226810E-01
    5.732458313E-02    2.949985648E-01
    9.229613298E-02    1.489511967E-01
    1.448150064E-01    8.261748201E-02
    2.316533896E-01    4.748733962E-02
    3.732452642E-01    3.860135906E-02
    5.618832594E-01    3.342109348E-02
    8.951454528E-01    1.905526115E-02
    1.400635202E+00    1.210652965E-02
    2.200228855E+00    7.531910012E-03
    3.451675713E+00    4.708871903E-03
    5.452168529E+00    2.846698537E-03
    8.561582389E+00    1.785905157E-03
    1.341866247E+01    1.187629375E-03
    2.068988500E+01    6.500162608E-04
    3.393554472E+01    3.122728298E-04
    5.142544937E+01    2.376545861E-04
    8.389003840E+01    2.122277619E-04
    1.347468568E+02    1.878463742E-04
    2.024548259E+02    1.888491758E-04
    3.413433207E+02    8.775406262E-05
    4.799356915E+02    1.125886961E-04
    7.873799213E+02    1.000033380E-04
    1.173238958E+03    1.007181628E-04
    2.208363013E+03    1.000053945E-04
    3.257978286E+03    1.132048087E-04
    5.141907547E+03    1.500252338E-04
    7.023242594E+03    6.245888100E-05
    1.260630587E+04    1.241796661E-04
    1.900679292E+04    7.530205476E-05
    2.654013546E+04    2.500912881E-05
    4.948114238E+04    1.264285458E-05
    1.385510846E+05    2.471833474E-05
    4           2          10           2           9
          61          13
    1.759855766E-05    3.576990405E-01
    2.759304795E-05    3.276953834E-01
    4.296410601E-05    2.949670454E-01
    6.150037947E-05    1.368667298E-02
    1.065725248E-04    2.398490285E-03
    1.703704900E-04    1.218287906E-03
    2.680541635E-04    9.010296898E-04
    4.283905908E-04    6.852954417E-04
    6.489418770E-04    6.091560851E-04
    1.059565424E-03    1.395982885E-04
    5           1          29           2           9
          61          13
    3.026912521E-02    4.190222399E-01
    4.919281224E-02    2.401634452E-01
    7.764275417E-02    1.219787396E-01
    1.265085436E-01    8.902182001E-02
    2.006511210E-01    5.060006701E-02
    3.218040584E-01    2.986075745E-02
    5.158379556E-01    1.804156490E-02
    8.253169361E-01    1.179508562E-02
    1.322751470E+00    6.947031067E-03
    2.117419626E+00    4.473038992E-03
    3.389934979E+00    2.698582357E-03
    5.426492786E+00    1.624186830E-03
    8.837163976E+00    9.496399323E-04
    1.388324578E+01    7.494703832E-04
    2.206571153E+01    4.498646982E-04
    3.707855499E+01    3.248636107E-04
    5.701761015E+01    1.748961922E-04
    8.644561218E+01    2.249974049E-04
    1.367073878E+02    1.250841637E-04
    2.441936732E+02    1.250647754E-04
    3.897246289E+02    9.997551775E-05
    6.248880739E+02    7.504636936E-05
    1.124819796E+03    4.986300278E-05
    1.434112614E+03    4.995817694E-05
    2.219741272E+03    4.985667828E-05
    3.674603255E+03    1.000076268E-04
    6.530526010E+03    7.486700710E-05
    9.987401731E+03    9.995169825E-05
    2.011436462E+04    5.003382628E-05
    5           2          21           2           9
          61          13
    6.749559925E-05    5.331270909E-01
    1.016450647E-04    2.568715509E-01
    1.510210470E-04    1.190631518E-01
    2.386508870E-04    3.617076376E-02
    3.750902010E-04    2.041844457E-02
    5.794183701E-04    1.340537613E-02
    8.909851768E-04    8.413306519E-03
    1.359474091E-03    4.718000677E-03
    2.083277217E-03    2.995273962E-03
    3.291663265E-03    1.647307569E-03
    5.012922488E-03    1.173025330E-03
    7.670602357E-03    7.488304397E-04
    1.201243033E-02    5.742728550E-04
    1.723999314E-02    1.995560352E-04
    3.023659023E-02    7.488299149E-05
    4.548821460E-02    1.496701862E-04
    7.204434586E-02    4.990258385E-05
    1.035568240E-01    4.992514256E-05
    1.733757266E-01    7.487622869E-05
    4.340727454E-01    2.494060785E-05
    6.641789067E-01    4.985082090E-05
    6           1          26           2           9
          61          13
    2.102869426E-02    3.864820443E-01
    3.162358728E-02    2.727448089E-01
    5.105111188E-02    1.479763049E-01
    8.368245694E-02    7.780406641E-02
    1.349189780E-01    4.441117240E-02
    2.170107026E-01    2.678345540E-02
    3.521678224E-01    1.666304561E-02
    5.672196362E-01    1.012959544E-02
    9.116894620E-01    6.194103569E-03
    1.459914114E+00    3.957047346E-03
    2.325529772E+00    2.317720598E-03
    3.770781288E+00    1.578258284E-03
    6.030678963E+00    1.039683766E-03
    9.701165494E+00    5.195829790E-04
    1.694554537E+01    3.801823520E-04
    2.585282529E+01    8.064158955E-05
    4.523690924E+01    1.394324020E-04
    6.856985808E+01    6.049869465E-05
    1.186087086E+02    7.952064390E-05
    1.594587797E+02    8.002963558E-05
    4.851906832E+02    1.396753964E-04
    6.989699823E+02    1.195414409E-04
    1.171727352E+03    1.000979778E-04
    1.970125158E+03    9.963701281E-05
    3.194786890E+03    7.949014381E-05
    1.396157019E+04    4.036281336E-05
    6           2          24           2           9
          61          13
    1.814114749E-04    1.591735594E-01
    2.611592366E-04    2.347610164E-01
    3.962401762E-04    1.906549613E-01
    6.194384144E-04    1.451262734E-01
    9.636218804E-04    9.622224236E-02
    1.494260749E-03    6.113201073E-02
    2.334649843E-03    3.825764699E-02
    3.597091678E-03    2.566855201E-02
    5.571069559E-03    1.743794161E-02
    8.591034096E-03    1.137863779E-02
    1.336663304E-02    7.153437113E-03
    2.085624766E-02    4.226325429E-03
    3.264262899E-02    2.472724966E-03
    5.095075969E-02    1.673789340E-03
    7.598975664E-02    9.553394758E-04
    1.231453761E-01    6.367415713E-04
    1.907449551E-01    4.581594745E-04
    2.852824376E-01    4.176956944E-04
    4.640474585E-01    4.578271912E-04
    6.939069087E-01    4.587735475E-04
    1.101894312E+00    4.196079762E-04
    1.629012258E+00    3.988912779E-04
    2.485666254E+00    2.588187905E-04
    4.111667667E+00    1.990261975E-04
    7           1          32           2           9
          61          13
    6.170768034E-03    1.745912765E-01
    9.588949821E-03    2.089117016E-01
    1.487746286E-02    2.331183562E-01
    2.258696882E-02    1.732524387E-01
    3.518105195E-02    8.536634936E-02
    5.489774790E-02    4.445565806E-02
    8.543335981E-02    2.712031317E-02
    1.321396861E-01    1.828550469E-02
    2.062862301E-01    1.268932794E-02
    3.176541617E-01    7.946660666E-03
    4.932943032E-01    5.036826661E-03
    7.660663492E-01    3.196765548E-03
    1.189283180E+00    2.031146814E-03
    1.841120742E+00    1.276894835E-03
    2.852102464E+00    7.749213170E-04
    4.402222283E+00    4.662258178E-04
    6.783407773E+00    2.402057971E-04
    1.086111862E+01    1.798017443E-04
    1.686939492E+01    1.261345020E-04
    2.694716531E+01    1.427844251E-04
    3.942172644E+01    8.437525671E-05
    6.196335183E+01    1.407978194E-04
    1.009295672E+02    9.853311823E-05
    1.525192539E+02    1.007699581E-04
    2.421379792E+02    1.026286128E-04
    3.593803366E+02    6.253110275E-05
    5.196486923E+02    8.729951652E-05
    8.665505343E+02    2.427505633E-05
    1.322719552E+03    4.128581713E-05
    1.980389297E+03    3.003415895E-05
    2.987435672E+03    6.032419162E-06
    5.185207595E+03    1.214279562E-05
    7           2          44           2           9
          61          13
    7.651558758E-04    1.860438296E-02
    1.169728362E-03    2.141656741E-02
    1.869059780E-03    2.729783153E-02
    2.971333728E-03    4.454517052E-02
    4.867157446E-03    9.243461353E-02
    7.371299611E-03    1.057904578E-01
    1.163510170E-02    1.078047270E-01
    1.863322392E-02    9.389395410E-02
    2.952216187E-02    8.957656037E-02
    4.720845994E-02    1.310465584E-01
    7.395425659E-02    8.456700519E-02
    1.153708273E-01    6.196045893E-02
    1.835549441E-01    3.880201877E-02
    2.914614268E-01    2.473019694E-02
    4.635294752E-01    1.570048721E-02
    7.312513019E-01    1.051356796E-02
    1.163309837E+00    7.159695925E-03
    1.852462881E+00    5.335119076E-03
    2.918195742E+00    3.526163530E-03
    4.641206478E+00    2.526372144E-03
    7.339286648E+00    1.594719269E-03
    1.176898981E+01    1.403169686E-03
    1.896116816E+01    1.297237766E-03
    2.905259633E+01    1.057412021E-03
    4.726585832E+01    1.053734233E-03
    7.427046645E+01    8.420170060E-04
    1.177630299E+02    8.122764193E-04
    1.816185244E+02    5.823457577E-04
    2.952494880E+02    5.800525493E-04
    4.683383904E+02    4.451199734E-04
    7.416740601E+02    5.052995492E-04
    1.186407643E+03    6.807616390E-04
    1.910547686E+03    4.045850178E-04
    3.057442253E+03    3.461413935E-04
    4.574508009E+03    2.416586131E-04
    7.527551448E+03    1.543244174E-04
    1.272180089E+04    7.183904055E-05
    1.854698125E+04    1.149259222E-04
    3.033695051E+04    1.166669176E-04
    4.840626012E+04    1.549548481E-04
    7.766304601E+04    8.304522657E-05
    1.229633789E+05    1.209266700E-04
    1.785952815E+05    4.957427199E-05
    3.073494322E+05    5.530247484E-05
    8           1          22           2           9
          61          13
    2.897483562E-03    3.397105696E-01
    4.471073113E-03    4.052546419E-01
    7.547884044E-03    1.196369649E-01
    1.254479356E-02    5.697956924E-02
    2.054563953E-02    3.177627805E-02
    3.377262340E-02    1.754909602E-02
    5.544371356E-02    1.159973857E-02
    9.108719437E-02    6.770955956E-03
    1.486396638E-01    4.104708924E-03
    2.447895323E-01    2.501487218E-03
    4.001622742E-01    1.417949945E-03
    6.587588470E-01    9.064551933E-04
    1.035194141E+00    4.050386113E-04
    1.789393852E+00    4.161890580E-04
    2.883434940E+00    2.117096871E-04
    5.103999919E+00    1.640037717E-04
    7.752859745E+00    2.102659471E-04
    1.277774326E+01    1.665772029E-04
    2.062881951E+01    8.456870720E-05
    3.119458999E+01    2.914104024E-05
    5.724666648E+01    6.609396233E-05
    9.555114818E+01    3.799650679E-05
    8           2          32           2           9
          61          13
    6.909427904E-05    9.075592531E-02
    1.069166780E-04    1.293442154E-01
    1.694011984E-04    8.136272553E-02
    2.803395413E-04    1.083959776E-01
    4.200312288E-04    1.499758463E-01
    6.773157964E-04    1.107579682E-01
    1.076644818E-03    9.147436258E-02
    1.709980088E-03    7.413932356E-02
    2.652279948E-03    5.121056566E-02
    4.209948768E-03    3.923804275E-02
    6.660570232E-03    2.592011109E-02
    1.058597346E-02    1.750336292E-02
    1.668635902E-02    1.072004472E-02
    2.641433007E-02    6.617369210E-03
    4.211820660E-02    3.789021730E-03
    6.750391538E-02    2.166806893E-03
    1.053234204E-01    1.490579327E-03
    1.695735438E-01    9.477341861E-04
    2.676979415E-01    8.528174468E-04
    4.331179151E-01    7.015164768E-04
    6.666270953E-01    5.239507140E-04
    1.073896202E+00    4.103155355E-04
    1.684532225E+00    3.712773505E-04
    2.684043579E+00    3.344312370E-04
    4.222002437E+00    2.844813911E-04
    6.625097293E+00    3.014313179E-04
    1.028226965E+01    1.690653260E-04
    1.603862299E+01    1.003350120E-04
    2.914877112E+01    2.000885509E-05
    4.220244199E+01    7.004491016E-05
    8.722447066E+01    1.001829305E-05
    1.669369097E+02    4.032313604E-05
    9           1          22           2           9
          61          13
    1.097668832E-03    3.194048699E-01
    1.681172974E-03    3.714975407E-01
    2.508846110E-03    1.933706577E-01
    4.198942504E-03    5.117473631E-02
    6.705210889E-03    2.530010338E-02
    1.063442218E-02    1.486349654E-02
    1.688850179E-02    9.189470259E-03
    2.682153617E-02    5.663352624E-03
    4.248205502E-02    3.497689215E-03
    6.732931283E-02    2.184864982E-03
    1.071237671E-01    1.403356919E-03
    1.691148069E-01    8.622840815E-04
    2.700720992E-01    5.451610554E-04
    4.178450653E-01    3.247812506E-04
    6.743259727E-01    2.076746759E-04
    1.043726000E+00    1.525786265E-04
    1.618638082E+00    1.192292060E-04
    2.766764517E+00    7.539820829E-05
    4.197318642E+00    5.785650987E-05
    6.917289564E+00    6.125575070E-05
    1.101638966E+01    2.866437211E-05
    1.786281191E+01    1.497771371E-05
    9           2          29           2           9
          61          13
    1.988035834E-05    4.478915805E-02
    3.133447091E-05    5.223727415E-02
    4.676567484E-05    1.831354997E-01
    7.535304490E-05    9.616537094E-02
    1.168977918E-04    8.863478693E-02
    1.886045738E-04    9.692037901E-02
    2.962358982E-04    1.527080422E-01
    4.571213291E-04    1.155657595E-01
    7.217954515E-04    6.597109358E-02
    1.139740450E-03    3.871092540E-02
    1.805874229E-03    2.395902280E-02
    2.849609189E-03    1.521433035E-02
    4.502089738E-03    9.387329296E-03
    7.122885925E-03    5.888512056E-03
    1.123474795E-02    3.635955426E-03
    1.779637860E-02    2.348613215E-03
    2.827033878E-02    1.396690143E-03
    4.430844988E-02    9.509865058E-04
    7.036865076E-02    6.750021202E-04
    1.102571829E-01    3.442924635E-04
    1.695838022E-01    2.289816676E-04
    2.855405046E-01    1.682237422E-04
    4.520067404E-01    1.614594646E-04
    6.948810205E-01    1.371091838E-04
    1.074567811E+00    1.324710048E-04
    1.770074709E+00    1.414768873E-04
    2.850804610E+00    1.569096250E-04
    4.306616482E+00    1.669205272E-04
    6.927172551E+00    6.742403561E-05
   10           1          24           2           9
          61          13
    1.605450940E-03    5.524434211E-01
    2.559557071E-03    1.719419671E-01
    4.117305702E-03    9.203386393E-02
    6.772680508E-03    6.384452767E-02
    1.034551549E-02    4.313447496E-02
    1.648561684E-02    2.927946850E-02
    2.614579603E-02    1.614455284E-02
    4.220586225E-02    1.134035122E-02
    6.648100846E-02    7.574651306E-03
    1.047810556E-01    4.562181102E-03
    1.669307631E-01    2.893705592E-03
    2.661876273E-01    1.744596589E-03
    4.189427399E-01    9.954145547E-04
    6.663966580E-01    5.987820386E-04
    1.060493308E+00    3.467956998E-04
    1.643657067E+00    1.491776114E-04
    2.513667921E+00    1.737570747E-04
    4.168384968E+00    2.508158782E-04
    8.192640180E+00    5.087113220E-05
    1.153126568E+01    1.737877226E-04
    1.884137928E+01    1.733065520E-04
    2.337798684E+01    5.135191963E-05
    3.452183561E+01    2.454458226E-05
    7.061676758E+01    7.363328701E-05
   10           2           5           2           9
          61          13
    2.097965767E-06    1.829566991E-01
    3.259509152E-06    1.856075912E-01
    5.070101681E-06    1.934313903E-01
    7.899969290E-06    2.129897156E-01
    1.206649508E-05    2.250146038E-01
   11           1          25           2           9
          61          13
    1.809793992E-03    1.979502649E-01
    3.131187396E-03    3.717128071E-01
    4.988602884E-03    1.855750642E-01
    8.159711936E-03    9.182610677E-02
    1.322138380E-02    5.175390450E-02
    2.155803911E-02    3.893429141E-02
    3.410106427E-02    2.417628662E-02
    5.456718189E-02    1.465096282E-02
    8.784548063E-02    8.962084893E-03
    1.412999857E-01    5.394212351E-03
    2.265689150E-01    3.328670617E-03
    3.620184642E-01    2.058666600E-03
    5.734671066E-01    1.167366484E-03
    8.985129034E-01    7.301345835E-04
    1.500690991E+00    4.794086693E-04
    2.409195975E+00    2.369576170E-04
    3.900232228E+00    2.431186428E-04
    6.786994538E+00    1.863822297E-04
    1.013942091E+01    2.247982157E-04
    1.645664820E+01    9.960953778E-05
    2.442755955E+01    1.854015751E-05
    4.341206263E+01    7.779120450E-05
    6.354928739E+01    3.776404822E-05
    1.134391513E+02    1.155552527E-04
    1.975138768E+02    5.925068109E-05
   11           2           3           2           9
          61          13
    2.084337747E-07    4.013877350E-01
    5.173039712E-07    3.019492507E-01
    1.145946751E-06    2.966630142E-01
   12           1          27           2           9
          61          13
    3.359720939E-03    1.728085631E-01
    5.657145172E-03    1.995071788E-01
    8.913594469E-03    2.509288827E-01
    1.453662598E-02    1.350418508E-01
    2.382527446E-02    8.873028909E-02
    3.775715912E-02    6.314087741E-02
    6.186964215E-02    3.507861665E-02
    9.959917969E-02    2.067010861E-02
    1.632591130E-01    1.278569416E-02
    2.626995571E-01    7.955289497E-03
    4.265269713E-01    4.822725123E-03
    6.886593910E-01    2.969692340E-03
    1.132652366E+00    1.738638241E-03
    1.826804772E+00    1.017309926E-03
    2.946844520E+00    6.714224286E-04
    4.678827293E+00    3.717055033E-04
    7.671363793E+00    3.232389193E-04
    1.243747508E+01    2.462213280E-04
    2.061706673E+01    2.628974064E-04
    3.238054343E+01    1.593710878E-04
    5.248641771E+01    2.128467992E-04
    8.623068904E+01    1.808901395E-04
    1.448522870E+02    1.280482896E-04
    2.301629891E+02    1.036450954E-04
    3.604671941E+02    8.314643352E-05
    6.509259141E+02    8.547935608E-06
    9.790119081E+02    5.230223063E-05
   12           2           1           2           9
          61          13
    3.010284459E-08    1.000000000E+00
   13           1          33           2           9
          61          13
    1.890189202E-02    1.090512940E-01
    2.975435385E-02    1.479446764E-01
    4.896739857E-02    1.736037727E-01
    7.508269174E-02    2.090146377E-01
    1.212747499E-01    1.183931367E-01
    1.942005960E-01    8.685584228E-02
    3.042313267E-01    5.465584269E-02
    4.830763263E-01    3.585311434E-02
    7.756736612E-01    2.285695936E-02
    1.224466564E+00    1.426174157E-02
    1.974378684E+00    9.162576847E-03
    3.104130852E+00    5.579893203E-03
    4.925015237E+00    3.375617049E-03
    7.878428774E+00    2.067673941E-03
    1.257722031E+01    1.353626681E-03
    1.972665614E+01    7.909115732E-04
    3.172024741E+01    4.381416455E-04
    4.999521363E+01    6.252815714E-04
    8.252686534E+01    5.053960936E-04
    1.324751896E+02    4.355773875E-04
    2.004529094E+02    4.818920900E-04
    3.267280121E+02    4.194060599E-04
    5.180492445E+02    3.979595070E-04
    8.524262478E+02    3.844861655E-04
    1.344272934E+03    3.292033300E-04
    2.098070269E+03    3.353121978E-04
    3.434600405E+03    2.310886082E-04
    5.680642322E+03    1.861205911E-04
    8.501111218E+03    1.398954086E-04
    1.375123066E+04    1.289758182E-04
    2.154193571E+04    6.983432921E-05
    3.134473680E+04    4.039681141E-05
    5.682241679E+04    2.971533358E-05
   13           2           1           2           9
          61          13
    7.983554535E-10    1.000000000E+00
   14           1          33           2           9
          61          13
    1.046847358E-01    1.625892894E-01
    1.611194381E-01    2.213136295E-01
    2.505136388E-01    1.877895820E-01
    3.893304034E-01    1.327501010E-01
    6.101451136E-01    1.041620705E-01
    9.482248173E-01    6.872902506E-02
    1.493318543E+00    4.270952350E-02
    2.337148981E+00    2.736928520E-02
    3.644148120E+00    1.771300373E-02
    5.736089003E+00    1.115208535E-02
    8.981049720E+00    7.091707747E-03
    1.398421596E+01    4.358271957E-03
    2.180072653E+01    2.513354536E-03
    3.429386714E+01    1.370009340E-03
    5.314896781E+01    8.351724699E-04
    8.480070014E+01    6.660648011E-04
    1.306135053E+02    5.093210801E-04
    2.074177755E+02    5.931762181E-04
    3.245047391E+02    5.821118295E-04
    5.207334993E+02    5.114215140E-04
    8.140474474E+02    5.486997076E-04
    1.263651113E+03    4.577068051E-04
    1.945247204E+03    4.961858486E-04
    3.014630694E+03    4.084610967E-04
    4.796143894E+03    5.143252342E-04
    7.479034971E+03    4.581869397E-04
    1.186995458E+04    4.186264841E-04
    1.831511099E+04    4.028347734E-04
    2.860770348E+04    3.036489051E-04
    4.560022961E+04    3.137211255E-04
    7.105139462E+04    1.964748869E-04
    1.129629821E+05    1.137357238E-04
    1.715071244E+05    5.918572489E-05
   14           2           1           2           9
          61          13
    2.007298329E-10    1.000000000E+00
   15           1          33           2           9
          61          13
    6.124277414E-02    2.341691196E-02
    1.108744336E-01    1.369740102E-01
    1.716778406E-01    2.331480109E-01
    2.576750848E-01    2.188746388E-01
    4.118875684E-01    1.405440318E-01
    6.607563901E-01    8.529517922E-02
    1.052991779E+00    5.655309306E-02
    1.685623929E+00    3.888952360E-02
    2.682927536E+00    2.399784558E-02
    4.302586444E+00    1.426746632E-02
    6.846240289E+00    9.188259546E-03
    1.092975870E+01    5.568873135E-03
    1.737548571E+01    3.321211428E-03
    2.785477572E+01    1.989593008E-03
    4.465117221E+01    1.060457536E-03
    7.170106813E+01    6.498351537E-04
    1.150820493E+02    5.429041038E-04
    1.861340982E+02    5.513340298E-04
    2.981528179E+02    5.101576694E-04
    4.667248661E+02    4.928392482E-04
    7.439020804E+02    5.403097174E-04
    1.188249914E+03    4.203425166E-04
    1.888022481E+03    4.685155092E-04
    3.090610499E+03    3.757059325E-04
    4.922949014E+03    3.882337641E-04
    7.857159714E+03    3.747897471E-04
    1.218895395E+04    3.198480562E-04
    2.022146039E+04    3.089174122E-04
    3.116885059E+04    2.972528084E-04
    4.922392033E+04    2.643936684E-04
    7.824454252E+04    1.855778459E-04
    1.317223944E+05    1.194814163E-04
    2.049791095E+05    1.004553839E-04
   15           2           4           2           9
          61          13
    3.541704130E-08    9.148234658E-01
    8.873297696E-07    2.609432997E-02
    2.059290476E-06    3.464266318E-02
    4.868764059E-06    2.443954104E-02
   16           1          33           2           9
          61          13
    1.623502155E-02    1.201313438E-01
    2.596491365E-02    1.719915934E-01
    4.151751491E-02    2.371840741E-01
    6.471180798E-02    1.742030828E-01
    1.003591277E-01    1.048641158E-01
    1.618977179E-01    6.752834714E-02
    2.561793255E-01    4.506383645E-02
    4.027891556E-01    2.747837892E-02
    6.383968952E-01    1.731643193E-02
    1.012093816E+00    1.096479378E-02
    1.630615986E+00    7.412702917E-03
    2.548409685E+00    4.846546100E-03
    4.044865936E+00    2.855358564E-03
    6.413593319E+00    1.690258432E-03
    1.011241698E+01    1.186258299E-03
    1.619180285E+01    7.919115870E-04
    2.596108518E+01    5.185797354E-04
    4.079667681E+01    4.617266050E-04
    6.528729051E+01    6.074332222E-04
    1.017886449E+02    4.134042744E-04
    1.652807982E+02    4.477717400E-04
    2.601607551E+02    3.780073060E-04
    4.106348060E+02    2.653014680E-04
    6.475931418E+02    2.168734484E-04
    1.005681105E+03    2.700993665E-04
    1.669062935E+03    1.871652405E-04
    2.674933317E+03    2.109139941E-04
    4.048863416E+03    1.681694512E-04
    6.529233346E+03    9.025143950E-05
    9.929927624E+03    8.356517325E-05
    1.615178133E+04    8.589390712E-05
    2.768537909E+04    4.945263094E-05
    4.148076830E+04    3.635690669E-05
   16           2          32           2           9
          61          13
    7.461813347E-06    4.024277041E-02
    1.162007309E-05    2.782480228E-02
    1.854748019E-05    2.406607015E-02
    3.126031590E-05    4.084744501E-02
    4.595489380E-05    1.359273071E-01
    7.288105107E-05    1.354431110E-01
    1.135813402E-04    1.143561995E-01
    1.766444735E-04    1.049817891E-01
    2.840780285E-04    7.884883683E-02
    4.454654713E-04    8.442033267E-02
    6.676038513E-04    7.414662533E-02
    1.078873327E-03    4.706522767E-02
    1.681761749E-03    3.169321047E-02
    2.652961389E-03    2.000713190E-02
    4.179182835E-03    1.331049370E-02
    6.574951918E-03    8.825202617E-03
    1.026577915E-02    5.839138992E-03
    1.628441637E-02    3.855411168E-03
    2.552729676E-02    2.296520376E-03
    4.020717981E-02    1.500602738E-03
    6.224484624E-02    1.008836944E-03
    9.948540333E-02    8.684318799E-04
    1.555552573E-01    5.127506357E-04
    2.493665978E-01    3.128408245E-04
    3.772133853E-01    3.143683502E-04
    6.344246588E-01    3.400423685E-04
    9.333049889E-01    2.234894000E-04
    1.500292085E+00    2.108347536E-04
    2.388101920E+00    2.216888734E-04
    3.745768924E+00    2.019123770E-04
    5.581016360E+00    1.635032604E-04
    9.261780175E+00    1.230712820E-04
   17           1          28           2           9
          61          13
    1.946111990E-03    1.186479705E-01
    3.230244858E-03    3.143741233E-01
    5.116095640E-03    1.606496847E-01
    8.185061955E-03    1.634529761E-01
    1.236411258E-02    1.233790430E-01
    1.962605264E-02    5.203205777E-02
    3.125016575E-02    2.469977061E-02
    4.964926576E-02    1.605538897E-02
    7.749034087E-02    9.379272042E-03
    1.227635160E-01    5.774828706E-03
    1.934165271E-01    4.283955322E-03
    3.059736604E-01    2.526677659E-03
    4.809703147E-01    1.490953155E-03
    7.648133764E-01    8.775373729E-04
    1.198862011E+00    5.014272690E-04
    1.859258284E+00    2.987273068E-04
    3.053435671E+00    3.062464472E-04
    4.928748082E+00    2.241119903E-04
    7.476901616E+00    2.004989057E-04
    1.228785430E+01    2.205262537E-04
    1.767383888E+01    1.360225017E-04
    2.948997530E+01    1.300881781E-04
    4.602486245E+01    9.340954745E-05
    7.131098191E+01    9.778568327E-05
    1.193563065E+02    8.226238979E-05
    1.699937774E+02    3.860598156E-05
    2.827465396E+02    1.547985675E-05
    4.576460195E+02    3.056845783E-05
   17           2          64           2           9
          61          13
    3.515831078E-08    1.032860979E-02
    3.176713660E-07    1.423117198E-03
    5.088678267E-07    1.171275948E-03
    8.169735401E-07    1.592286068E-03
    1.288396234E-06    2.149130519E-03
    2.039035008E-06    2.501575558E-03
    3.244307854E-06    2.886112282E-03
    5.172307344E-06    3.498208337E-03
    8.271635617E-06    4.703370821E-03
    1.305119030E-05    6.695648439E-03
    2.074337193E-05    7.604178411E-03
    3.296786439E-05    8.576811800E-03
    5.508761004E-05    1.328305753E-02
    8.211881844E-05    2.436026864E-02
    1.352036989E-04    2.472196108E-02
    2.148139005E-04    1.062682235E-01
    3.334860815E-04    1.087424595E-01
    5.317415782E-04    1.122212551E-01
    8.358316821E-04    1.033712108E-01
    1.354850783E-03    1.048516933E-01
    2.090250057E-03    7.673230152E-02
    3.340918376E-03    5.185308844E-02
    5.333040986E-03    3.702208733E-02
    8.454769611E-03    2.707401340E-02
    1.336595009E-02    1.920965258E-02
    2.155137042E-02    1.412993873E-02
    3.433884961E-02    1.314263432E-02
    5.461839980E-02    1.184122139E-02
    8.760062663E-02    1.225137128E-02
    1.402010364E-01    1.475570848E-02
    2.202774116E-01    2.397810475E-02
    3.421199850E-01    1.544032428E-02
    5.460778917E-01    9.240793734E-03
    8.697577041E-01    6.023879785E-03
    1.387154733E+00    4.004648805E-03
    2.196278064E+00    2.478521326E-03
    3.536158314E+00    1.727023226E-03
    5.627704422E+00    1.319274471E-03
    8.957658584E+00    1.027621607E-03
    1.415781976E+01    8.186820573E-04
    2.272774510E+01    5.986114843E-04
    3.664116422E+01    5.565449709E-04
    5.763243720E+01    5.304719933E-04
    9.255578058E+01    3.707408553E-04
    1.437247420E+02    3.902762285E-04
    2.324530128E+02    3.496826398E-04
    3.671984403E+02    3.795312839E-04
    5.695180345E+02    2.549607164E-04
    9.395947467E+02    1.541120217E-04
    1.484097795E+03    1.276459876E-04
    2.339989565E+03    1.525216607E-04
    3.718036525E+03    1.415700552E-04
    6.016751251E+03    1.575123461E-04
    9.458127037E+03    1.423756511E-04
    1.503994236E+04    1.493533610E-04
    2.282896428E+04    1.311072140E-04
    3.843453019E+04    4.485787996E-05
    6.017070480E+04    4.594141547E-05
    9.689207822E+04    4.179464365E-05
    1.509498339E+05    5.373717941E-05
    2.421450495E+05    4.448792473E-05
    3.811224692E+05    5.197062933E-05
    6.102729594E+05    5.317215513E-05
    9.821292382E+05    5.567359146E-05
*END
*BLOCK: TYPE =    6: SUBTYPE =    0: version =    1
Thermal source function.
Type of data: table     
Number of data points =   500: Reference temperature =  2.236067977E+01
*END
*BLOCK: TYPE =    8: SUBTYPE =    0: VERSION =    0
Continuum absorbers in each interval
(The number is the indexing number of each type as set out
 in the module rad_pcf.)
A zero indicates that there is no continuum absorption in the interval.
Band         Number of active continua followed by indexing numbers
    1           0
    2           0
    3           0
    4           0
    5           0
    6           0
    7           0
    8           0
    9           0
   10           0
   11           0
   12           0
   13           0
   14           0
   15           0
   16           0
   17           0
Indexing numbers of gases for continua:
     Index of water =     1
*END
*BLOCK: TYPE =   10: SUBTYPE =    0: VERSION =    2
Parametrized scattering data for droplets.
 Type number of droplets =     5
Index of parametrization scheme =     5:   Number of parameters =    16
Number of moments of the phase function =     1
Range of validity of parametrization =  1.50000E-06 --  5.00000E-05
Band =     1     Fitting parameters:
     8.82024E+01     3.82032E+07     8.84784E+12     7.25660E+05
    -2.34269E+10     5.13401E+15     9.85489E-01    -2.56837E+04
     1.25201E+10    -4.83235E+04     2.41555E+10     1.84137E-02
    -2.09716E+04     1.60038E+10     3.92195E+04     1.79475E+10
Band =     2     Fitting parameters:
     1.28801E+02     1.12875E+08     3.53758E+13     1.78451E+06
    -1.05779E+11     2.20735E+16     9.73781E-01    -3.95086E+04
     3.18303E+10    -8.75967E+04     6.24581E+10     3.70102E-02
    -4.57719E+04     3.40845E+10    -5.76355E+03     3.68069E+10
Band =     3     Fitting parameters:
     1.73778E+02     2.14077E+08     8.33587E+13     2.79071E+06
    -2.15499E+11     5.24351E+16     9.45668E-01    -3.89564E+04
     6.07014E+10    -1.37936E+05     1.21292E+11     5.68981E-02
    -7.83344E+04     5.69106E+10    -1.79714E+04     6.11957E+10
Band =     4     Fitting parameters:
     1.49360E+02     9.79018E+07     2.88536E+13     6.08042E+05
    -3.22386E+10     1.80140E+16     8.75977E-01     9.35245E+04
     1.24697E+11    -1.37532E+05     2.56519E+11     6.99071E-02
    -1.02156E+05     7.89663E+10    -3.50911E+04     8.48421E+10
Band =     5     Fitting parameters:
     2.25325E+02     5.93177E+08     2.06027E+14     3.82278E+06
    -2.17137E+11     1.28886E+17     7.92146E-01     3.57479E+05
     2.14290E+11    -4.89690E+04     4.49685E+11     8.49505E-02
    -1.28368E+05     9.92327E+10    -6.13717E+04     1.06512E+11
Band =     6     Fitting parameters:
     1.90512E+02     6.29553E+07     9.50957E+11    -1.55705E+04
     3.61438E+10     6.21351E+14     7.53550E-01     6.33736E+05
     2.76029E+11     1.26304E+05     5.86109E+11     9.57003E-02
    -1.47903E+05     1.15289E+11    -8.13890E+04     1.23483E+11
Band =     7     Fitting parameters:
     2.43240E+02     1.20276E+08     6.30089E+12     1.80663E+05
     5.42872E+10     4.15826E+15     7.58359E-01     1.25715E+06
     3.37105E+11     7.02011E+05     7.27390E+11     1.21655E-01
    -1.97410E+05     1.58636E+11    -1.26106E+05     1.67762E+11
Band =     8     Fitting parameters:
     2.12254E+02     2.05873E+08     8.60242E+12     6.37996E+05
     9.06441E+10     5.93257E+15     1.04486E+00     1.86395E+05
     3.14932E+10     2.32864E+05     6.64034E+10     1.72461E-01
    -2.97159E+05     2.33372E+11    -2.15284E+05     2.40433E+11
Band =     9     Fitting parameters:
     6.16503E+01     8.50214E+07     1.11183E+13     6.31191E+05
    -2.59393E+10     8.28594E+15     1.11051E+00    -1.06705E+05
     2.37386E+10     1.14938E+05     4.09670E+10     4.69615E-01
    -8.78536E+05     5.71225E+11    -6.25811E+05     5.85388E+11
Band =    10     Fitting parameters:
    -3.73989E+01     1.70220E+08     3.93380E+13     1.42134E+06
    -1.91125E+11     3.12277E+16     1.15985E+00    -2.58934E+05
     4.35139E+10     2.38963E+05     7.28056E+10     1.04632E+00
    -2.01855E+06     1.10763E+12    -1.51258E+06     1.15727E+12
Band =    11     Fitting parameters:
    -6.41862E+01     2.15470E+08     5.92780E+13     1.84250E+06
    -2.77916E+11     4.67516E+16     1.12743E+00    -2.87869E+05
     4.92270E+10     2.31486E+05     8.36546E+10    -9.46582E+01
     1.16790E+08     4.02513E+12     1.23822E+08     4.17025E+12
Band =    12     Fitting parameters:
    -5.26242E+01     1.91179E+08     5.59751E+13     1.29896E+06
    -2.26474E+11     4.39146E+16     1.03746E+00    -3.18293E+05
     5.58939E+10     1.75521E+05     9.74916E+10    -2.37901E+01
     3.29249E+07    -4.59522E+11     3.40569E+07    -4.84308E+11
Band =    13     Fitting parameters:
    -8.96920E+01     2.74256E+08     1.05626E+14     1.89434E+06
    -3.93638E+11     8.21690E+16     8.84229E-01    -3.24961E+05
     5.81841E+10     4.54252E+04     1.04653E+11    -2.64006E+01
     3.94887E+07    -4.52629E+11     4.12944E+07    -4.87129E+11
Band =    14     Fitting parameters:
     4.32215E+01     7.60427E+07    -1.01161E+12    -2.81680E+05
     6.04156E+10    -7.80332E+14     7.47408E-01    -3.16103E+05
     5.83711E+10    -1.07249E+05     1.08080E+11    -9.11398E+01
     1.46355E+08    -5.91235E+11     1.54935E+08    -7.16389E+11
Band =    15     Fitting parameters:
     1.00319E+02     8.70647E+07    -7.92177E+11    -2.57456E+05
     6.83890E+10    -6.66672E+14     7.87589E-01    -3.07691E+05
     6.63226E+10    -7.00601E+04     1.27277E+11    -8.22386E+01
     1.42815E+08     1.51817E+12     1.49059E+08     1.53436E+12
Band =    16     Fitting parameters:
     2.88671E+01     1.05393E+08    -9.48832E+11    -3.68139E+05
     8.56336E+10    -8.61794E+14     5.16028E-01    -2.21111E+05
     4.99895E+10     9.18572E+05     9.31520E+10    -1.83406E+01
     4.45791E+07    -3.35212E+11     4.98965E+07    -4.19589E+11
Band =    17     Fitting parameters:
     4.72107E+01     1.61828E+08    -2.11442E+11    -4.42697E+05
     1.27995E+11    -5.49004E+14     4.95039E-01    -2.49049E+05
     7.66520E+10     1.34182E+06     1.49571E+11    -4.46009E+01
     1.43078E+08     2.68803E+11     1.65198E+08    -4.56605E+10
*END
*BLOCK: TYPE =   12: SUBTYPE =    0: VERSION =    2
Parametrized scattering data for ice crystals.
 Type number of ice crystals =     8
Index of parametrization scheme =    12:   number of parameters =    14
Number of moments of the phase function =     1
Range of validity of parametrization =  1.27936E-05 --  3.06590E-04
Band =     1     Fitting parameters:
    -2.52507E+00     1.11266E+01    -2.47586E-01     3.06590E-04
     6.62526E-01    -1.03727E+00     1.76808E+00    -9.59040E-01
     3.06590E-04     4.99267E-01     1.82288E+00    -2.89483E+00
     1.49369E+00     3.06590E-04
Band =     2     Fitting parameters:
     5.41701E-01     9.04754E+00    -2.34783E-01     3.06590E-04
     5.85105E-01    -7.13733E-01     1.32958E+00    -7.45919E-01
     3.06590E-04     7.40277E-01     1.06963E+00    -1.74627E+00
     9.15496E-01     3.06590E-04
Band =     3     Fitting parameters:
    -1.63003E+00     1.17888E+01    -2.92058E-01     3.06590E-04
     1.86293E-01     8.23691E-01    -9.99636E-01     4.31632E-01
     3.06590E-04     7.60721E-01     6.65823E-01    -9.22857E-01
     4.47422E-01     3.06590E-04
Band =     4     Fitting parameters:
    -4.31219E+00     1.33806E+01    -2.48629E-01     3.06590E-04
     1.10850E-01     1.12283E+00    -1.48802E+00     6.90841E-01
     3.06590E-04     7.48107E-01     5.99393E-01    -7.58057E-01
     3.46830E-01     3.06590E-04
Band =     5     Fitting parameters:
    -3.95328E+00     1.29539E+01    -1.55569E-01     3.06590E-04
     2.23420E-01     1.00325E+00    -1.52767E+00     7.60658E-01
     3.06590E-04     7.60966E-01     7.22931E-01    -1.05136E+00
     5.14430E-01     3.06590E-04
Band =     6     Fitting parameters:
    -3.15471E+00     1.23855E+01    -1.04007E-01     3.06590E-04
     2.74009E-01     8.43886E-01    -1.33729E+00     6.81061E-01
     3.06590E-04     7.76107E-01     7.11913E-01    -1.08019E+00
     5.41204E-01     3.06590E-04
Band =     7     Fitting parameters:
    -8.08181E-01     1.07433E+01     6.61893E-03     3.06590E-04
     4.14744E-01     2.22242E-01    -4.05736E-01     2.21863E-01
     3.06590E-04     8.11901E-01     5.90775E-01    -9.56825E-01
     4.98054E-01     3.06590E-04
Band =     8     Fitting parameters:
     1.80823E+00     9.03298E+00     4.16989E-02     3.06590E-04
     5.53721E-01    -4.71112E-01     7.19146E-01    -3.60332E-01
     3.06590E-04     8.58375E-01     3.93052E-01    -6.65330E-01
     3.55491E-01     3.06590E-04
Band =     9     Fitting parameters:
     9.65398E-01     9.54389E+00    -8.13048E-02     3.06590E-04
     4.58141E-01     4.78457E-02    -5.99615E-02     2.39616E-02
     3.06590E-04     9.08840E-01     3.00149E-01    -4.89637E-01
     2.56895E-01     3.06590E-04
Band =    10     Fitting parameters:
    -3.09906E-01     1.03677E+01    -3.37219E-02     3.06590E-04
     2.55009E-01     9.98876E-01    -1.57015E+00     7.96838E-01
     3.06590E-04     8.89617E-01     3.57022E-01    -5.37746E-01
     2.67815E-01     3.06590E-04
Band =    11     Fitting parameters:
    -9.53033E-02     1.03830E+01    -1.76261E-02     3.06590E-04
     2.43406E-01     1.05858E+00    -1.65489E+00     8.35867E-01
     3.06590E-04     8.80765E-01     3.88361E-01    -5.81033E-01
     2.87764E-01     3.06590E-04
Band =    12     Fitting parameters:
     6.01230E-01     9.91060E+00     1.74607E-02     3.06590E-04
     2.75681E-01     9.21310E-01    -1.47740E+00     7.59448E-01
     3.06590E-04     8.77462E-01     4.07672E-01    -6.25834E-01
     3.15016E-01     3.06590E-04
Band =    13     Fitting parameters:
     1.53429E+00     9.37629E+00     4.41310E-02     3.06590E-04
     3.20649E-01     7.37645E-01    -1.21400E+00     6.33861E-01
     3.06590E-04     8.85950E-01     3.86109E-01    -6.09101E-01
     3.11546E-01     3.06590E-04
Band =    14     Fitting parameters:
     2.11789E+00     8.98331E+00     6.41969E-02     3.06590E-04
     3.41991E-01     6.48887E-01    -1.08421E+00     5.71118E-01
     3.06590E-04     8.92305E-01     3.61868E-01    -5.75126E-01
     2.95402E-01     3.06590E-04
Band =    15     Fitting parameters:
     2.99980E+00     8.45987E+00     7.56661E-02     3.06590E-04
     3.49997E-01     6.22789E-01    -1.05091E+00     5.57209E-01
     3.06590E-04     8.97593E-01     3.45819E-01    -5.49431E-01
     2.82034E-01     3.06590E-04
Band =    16     Fitting parameters:
     3.46687E+00     8.30112E+00     9.65772E-02     3.06590E-04
     1.76026E-01     1.27634E+00    -1.97685E+00     1.00077E+00
     3.06590E-04     8.33315E-01     5.21724E-01    -7.40386E-01
     3.55010E-01     3.06590E-04
Band =    17     Fitting parameters:
    -2.19715E-01     1.16550E+01    -1.51494E-02     3.06590E-04
     2.18204E-01     1.06215E+00    -1.66382E+00     8.52629E-01
     3.06590E-04     8.09060E-01     3.49686E-01    -5.01730E-01
     2.60636E-01     3.06590E-04
*END
*BLOCK: TYPE =   18: SUBTYPE =    0: VERSION =    0
Generalised continua in each interval
(The number is the indexing number of the continuum as set out
 in the summary block 0.)
A zero indicates that there in no generalised continuum absorption in the interval.
Band        Number of active continua, flag for continuum being major absorber,
            followed by indexing numbers
    1           3           F
         1    2    3
    2           3           F
         1    2    3
    3           3           F
         1    2    3
    4           3           F
         1    2    3
    5           3           F
         1    2    3
    6           3           F
         1    2    3
    7           3           F
         1    2    3
    8           3           F
         1    2    3
    9           3           F
         1    2    3
   10           3           F
         1    2    3
   11           3           F
         1    2    3
   12           3           F
         1    2    3
   13           3           F
         1    2    3
   14           3           F
         1    2    3
   15           3           F
         1    2    3
   16           3           F
         1    2    3
   17           3           F
         1    2    3
*END
*BLOCK: TYPE =   19: SUBTYPE =    0: VERSION =    0
Exponential sum fiting continuum coefficients: (exponents: m5/kg2)
Number of temperatures in look-up table =    31
Band        Continuum, number of k-terms, overlap treatment, 
            followed by, k-terms and weights.
    1           1          46           0
    1.399248793E-01    1.118072741E-05
    1.427248062E+00    5.683762982E-05
    4.155303294E+00    5.614754618E-05
    7.604178070E+00    1.149549046E-04
    1.338345521E+01    6.748921730E-04
    2.310858137E+01    1.274733285E-03
    5.950470986E+01    7.833813933E-02
    1.593288016E+02    1.453042994E-01
    2.819183405E+02    2.222396692E-01
    3.327729604E+02    1.980917107E-01
    3.718736307E+02    1.267748455E-01
    3.833236929E+02    8.419466135E-02
    3.924546923E+02    5.152170236E-02
    3.987206546E+02    3.279432951E-02
    4.020083594E+02    2.009140578E-02
    4.033396710E+02    1.452263704E-02
    4.045353727E+02    8.672685228E-03
    4.053308879E+02    5.559488484E-03
    4.056515370E+02    3.328170470E-03
    4.057787353E+02    2.060958842E-03
    4.058317096E+02    1.336050494E-03
    4.058541838E+02    7.786268068E-04
    4.058636589E+02    5.019065000E-04
    4.058683533E+02    3.641630205E-04
    4.058706330E+02    1.227837124E-04
    4.058717303E+02    1.677725456E-04
    4.058723701E+02    6.253892967E-05
    4.058727244E+02    7.201836750E-05
    4.058731051E+02    9.739849451E-05
    4.058734298E+02    6.447823306E-05
    4.058736773E+02    6.819064759E-05
    4.058738769E+02    8.154104813E-05
    4.058740576E+02    6.348405268E-05
    4.058742257E+02    6.400702036E-05
    4.058743992E+02    1.108296109E-04
    4.058745321E+02    5.108516277E-05
    4.058746106E+02    4.275979103E-05
    4.058746774E+02    4.846688091E-05
    4.058747318E+02    5.716303332E-05
    4.058747689E+02    2.790818546E-05
    4.058747955E+02    3.709466445E-05
    4.058748164E+02    3.249868201E-05
    4.058748249E+02    1.664559212E-05
    4.058748279E+02    1.811382254E-05
    4.058748301E+02    1.338417126E-05
    4.058748314E+02    1.564107394E-05
    1           2          14           0
    4.440138195E-06    8.271285824E-08
    7.127657450E-06    2.025151021E-07
    1.132118120E-05    5.226101634E-07
    1.792049320E-05    8.286330124E-07
    2.789494606E-05    1.414170281E-01
    4.344453798E-05    1.423852708E-01
    6.886722730E-05    1.306609011E-01
    1.091467117E-04    1.186530556E-01
    1.730025054E-04    1.061654679E-01
    2.741168889E-04    9.327078188E-02
    4.342958506E-04    8.060593098E-02
    6.882013151E-04    6.786815616E-02
    1.091196575E-03    5.638496140E-02
    1.810892521E-03    6.258680970E-02
    1           3          20           0
    4.234029852E-08    1.270968681E-05
    7.156488618E-08    7.383358377E-06
    1.034779389E-07    6.260510573E-05
    1.749706225E-07    8.283423147E-05
    2.758317162E-07    1.767182912E-04
    4.259338133E-07    3.033679347E-04
    6.740400591E-07    5.485665157E-04
    1.075112245E-06    8.414262263E-04
    1.695380751E-06    1.330565256E-03
    2.665824887E-06    2.187830613E-03
    4.149834726E-06    3.088275724E-03
    6.691395097E-06    4.021904884E-03
    1.059619753E-05    6.618356338E-03
    1.842823350E-05    2.120296934E-02
    2.561378411E-05    2.469865991E-01
    4.061695707E-05    2.015847022E-01
    6.451983622E-05    1.297133157E-01
    1.022672872E-04    1.126078799E-01
    1.630055126E-04    1.077033286E-01
    2.691485543E-04    1.609186611E-01
    2           1          37           0
    1.372942442E+02    3.273784029E-01
    1.682866159E+02    2.301675554E-01
    1.952087827E+02    1.363584319E-01
    2.123064643E+02    1.067997033E-01
    2.284849490E+02    7.710617560E-02
    2.394811349E+02    4.360218559E-02
    2.460906275E+02    2.813801402E-02
    2.501399125E+02    1.765568083E-02
    2.525648032E+02    1.123361594E-02
    2.540867987E+02    7.735496344E-03
    2.550731372E+02    4.998148575E-03
    2.556707621E+02    2.934583964E-03
    2.560264003E+02    1.866854281E-03
    2.562535720E+02    1.211213700E-03
    2.564025396E+02    8.262847641E-04
    2.564929112E+02    4.201639640E-04
    2.565450690E+02    2.846916258E-04
    2.565750483E+02    1.187999844E-04
    2.565915982E+02    1.113095855E-04
    2.566049876E+02    8.007354004E-05
    2.566183685E+02    1.105013233E-04
    2.566309564E+02    6.674239567E-05
    2.566427506E+02    9.879062036E-05
    2.566553251E+02    7.313408880E-05
    2.566702476E+02    1.343375772E-04
    2.566804540E+02    1.242549480E-05
    2.566843778E+02    4.592714048E-05
    2.566914391E+02    5.503214980E-05
    2.566992825E+02    5.680560119E-05
    2.567079072E+02    6.584351602E-05
    2.567188793E+02    8.689557853E-05
    2.567298467E+02    6.906509696E-05
    2.567368945E+02    3.375611535E-05
    2.567408089E+02    2.104410959E-05
    2.567439400E+02    2.215361356E-05
    2.567462880E+02    1.056136052E-05
    2.567478532E+02    9.598441271E-06
    2           2           6           0
    2.172677805E-06    1.834273200E-01
    3.324556218E-06    1.774051865E-01
    5.085644227E-06    1.708316899E-01
    7.780603452E-06    1.639080019E-01
    1.190542506E-05    1.562783179E-01
    1.821992525E-05    1.481494838E-01
    2           3           3           0
    8.931104019E-06    3.848280380E-01
    1.234855594E-05    3.526809474E-01
    1.702503705E-05    2.624910146E-01
    3           1          34           0
    8.201488713E+01    2.765252402E-01
    9.079301419E+01    2.070061863E-01
    9.863071544E+01    1.328107496E-01
    1.060906086E+02    1.391938790E-01
    1.125316357E+02    9.583858704E-02
    1.161884940E+02    5.372631251E-02
    1.182800388E+02    3.565121385E-02
    1.196912572E+02    2.206909563E-02
    1.206175444E+02    1.382277332E-02
    1.212199760E+02    8.583718319E-03
    1.216053947E+02    5.357322030E-03
    1.218489469E+02    3.286898143E-03
    1.220012768E+02    2.058231692E-03
    1.220946888E+02    1.194525065E-03
    1.221516647E+02    7.773561303E-04
    1.221857518E+02    3.952952676E-04
    1.222001759E+02    1.005218312E-04
    1.222064307E+02    1.172387295E-04
    1.222146138E+02    1.650296561E-04
    1.222213556E+02    6.825883724E-05
    1.222266547E+02    1.163163920E-04
    1.222329194E+02    1.006219115E-04
    1.222396688E+02    1.326114865E-04
    1.222469032E+02    1.169683960E-04
    1.222536581E+02    1.174601473E-04
    1.222575194E+02    1.681848989E-05
    1.222618644E+02    1.339218307E-04
    1.222686253E+02    1.011410843E-04
    1.222739395E+02    8.492127554E-05
    1.222797388E+02    1.176430824E-04
    1.222850565E+02    6.702419241E-05
    1.222894086E+02    8.071141740E-05
    1.222932782E+02    4.928679245E-05
    1.222952133E+02    1.612040802E-05
    3           2           4           0
    3.860355713E-07    2.576311498E-01
    5.951044332E-07    2.528832175E-01
    9.174143971E-07    2.478011846E-01
    1.414475725E-06    2.416844481E-01
    3           3           2           0
    4.594985479E-06    5.001524155E-01
    6.416964688E-06    4.998475845E-01
    4           1          33           0
    4.634673348E+01    3.018226810E-01
    5.554327098E+01    2.949985648E-01
    6.372315690E+01    1.489511967E-01
    6.838296815E+01    8.261748201E-02
    7.083699194E+01    4.748733962E-02
    7.256387500E+01    3.860135906E-02
    7.411868433E+01    3.342109348E-02
    7.530007801E+01    1.905526115E-02
    7.601626002E+01    1.210652965E-02
    7.647196048E+01    7.531910012E-03
    7.675749696E+01    4.708871903E-03
    7.693425690E+01    2.846698537E-03
    7.704281626E+01    1.785905157E-03
    7.711252052E+01    1.187629375E-03
    7.715559680E+01    6.500162608E-04
    7.717816749E+01    3.122728298E-04
    7.719106708E+01    2.376545861E-04
    7.720162242E+01    2.122277619E-04
    7.721100580E+01    1.878463742E-04
    7.721980345E+01    1.888491758E-04
    7.722625553E+01    8.775406262E-05
    7.723094817E+01    1.125886961E-04
    7.723593433E+01    1.000033380E-04
    7.724062738E+01    1.007181628E-04
    7.724532064E+01    1.000053945E-04
    7.725030743E+01    1.132048087E-04
    7.725646790E+01    1.500252338E-04
    7.726145518E+01    6.245888100E-05
    7.726585593E+01    1.241796661E-04
    7.727055021E+01    7.530205476E-05
    7.727289748E+01    2.500912881E-05
    7.727377771E+01    1.264285458E-05
    7.727465794E+01    2.471833474E-05
    4           2           4           0
    4.083740460E-08    2.529319692E-01
    7.293237343E-08    2.516570074E-01
    1.301293449E-07    2.494448484E-01
    2.323824099E-07    2.459661750E-01
    4           3           3           0
    1.692250089E-06    3.292738530E-01
    2.359834884E-06    3.302295361E-01
    3.288550305E-06    3.404966109E-01
    5           1          29           0
    3.283237843E+01    4.190222399E-01
    3.640308812E+01    2.401634452E-01
    3.857056881E+01    1.219787396E-01
    3.988456714E+01    8.902182001E-02
    4.076961994E+01    5.060006701E-02
    4.128556279E+01    2.986075745E-02
    4.159490586E+01    1.804156490E-02
    4.178842583E+01    1.179508562E-02
    4.191032311E+01    6.947031067E-03
    4.198472808E+01    4.473038992E-03
    4.203150550E+01    2.698582357E-03
    4.205972117E+01    1.624186830E-03
    4.207652683E+01    9.496399323E-04
    4.208762457E+01    7.494703832E-04
    4.209545961E+01    4.498646982E-04
    4.210052032E+01    3.248636107E-04
    4.210378553E+01    1.748961922E-04
    4.210639784E+01    2.249974049E-04
    4.210868372E+01    1.250841637E-04
    4.211031654E+01    1.250647754E-04
    4.211178611E+01    9.997551775E-05
    4.211292915E+01    7.504636936E-05
    4.211374562E+01    4.986300278E-05
    4.211439881E+01    4.995817694E-05
    4.211505200E+01    4.985667828E-05
    4.211603179E+01    1.000076268E-04
    4.211717492E+01    7.486700710E-05
    4.211831806E+01    9.995169825E-05
    4.211929792E+01    5.003382628E-05
    5           2           1           0
    1.766698973E-08    1.000000000E+00
    5           3           2           0
    9.798517352E-07    4.960121094E-01
    1.261546342E-06    5.039878906E-01
    6           1          26           0
    2.225934724E+01    3.864820443E-01
    2.533839305E+01    2.727448089E-01
    2.755458431E+01    1.479763049E-01
    2.885759042E+01    7.780406641E-02
    2.959046656E+01    4.441117240E-02
    3.002422732E+01    2.678345540E-02
    3.029089431E+01    1.666304561E-02
    3.045604183E+01    1.012959544E-02
    3.055688015E+01    6.194103569E-03
    3.061965968E+01    3.957047346E-03
    3.065849387E+01    2.317720598E-03
    3.068262150E+01    1.578258284E-03
    3.069883501E+01    1.039683766E-03
    3.070849064E+01    5.195829790E-04
    3.071406176E+01    3.801823520E-04
    3.071690940E+01    8.064158955E-05
    3.071827135E+01    1.394324020E-04
    3.071950951E+01    6.049869465E-05
    3.072037623E+01    7.952064390E-05
    3.072136679E+01    8.002963558E-05
    3.072272883E+01    1.396753964E-04
    3.072433854E+01    1.195414409E-04
    3.072570063E+01    1.000979778E-04
    3.072693892E+01    9.963701281E-05
    3.072805339E+01    7.949014381E-05
    3.072879639E+01    4.036281336E-05
    6           2           1           0
    4.896942011E-09    1.000000000E+00
    6           3           2           0
    7.092887605E-07    5.944496348E-01
    1.117158940E-06    4.055503652E-01
    7           1          32           0
    6.853628145E+00    1.745912765E-01
    8.446462110E+00    2.089117016E-01
    1.088738726E+01    2.331183562E-01
    1.392770594E+01    1.732524387E-01
    1.641023924E+01    8.536634936E-02
    1.789758396E+01    4.445565806E-02
    1.879368751E+01    2.712031317E-02
    1.939475711E+01    1.828550469E-02
    1.981844659E+01    1.268932794E-02
    2.010541992E+01    7.946660666E-03
    2.028804254E+01    5.036826661E-03
    2.040451880E+01    3.196765548E-03
    2.047864594E+01    2.031146814E-03
    2.052560228E+01    1.276894835E-03
    2.055465643E+01    7.749213170E-04
    2.057221485E+01    4.662258178E-04
    2.058226379E+01    2.402057971E-04
    2.058831082E+01    1.798017443E-04
    2.059280589E+01    1.261345020E-04
    2.059681105E+01    1.427844251E-04
    2.060016266E+01    8.437525671E-05
    2.060351456E+01    1.407978194E-04
    2.060711207E+01    9.853311823E-05
    2.061005575E+01    1.007699581E-04
    2.061299966E+01    1.026286128E-04
    2.061537132E+01    6.253110275E-05
    2.061749776E+01    8.729951652E-05
    2.061905178E+01    2.427505633E-05
    2.061995150E+01    4.128581713E-05
    2.062093304E+01    3.003415895E-05
    2.062142382E+01    6.032419162E-06
    2.062166921E+01    1.214279562E-05
    7           2           1           0
    4.299223785E-10    1.000000000E+00
    7           3           3           0
    0.000000000E+00    5.264744567E-01
    4.691411969E-07    1.655529197E-01
    7.471618388E-07    3.079726236E-01
    8           1          22           0
    4.131247325E+00    3.397105696E-01
    4.916903119E+00    4.052546419E-01
    5.611238169E+00    1.196369649E-01
    5.885125679E+00    5.697956924E-02
    6.032451356E+00    3.177627805E-02
    6.116761069E+00    1.754909602E-02
    6.167233060E+00    1.159973857E-02
    6.199289284E+00    6.770955956E-03
    6.218339417E+00    4.104708924E-03
    6.229918735E+00    2.501487218E-03
    6.236798674E+00    1.417949945E-03
    6.240880373E+00    9.064551933E-04
    6.243181104E+00    4.050386113E-04
    6.244639592E+00    4.161890580E-04
    6.245757901E+00    2.117096871E-04
    6.246422462E+00    1.640037717E-04
    6.247087066E+00    2.102659471E-04
    6.247751712E+00    1.665772029E-04
    6.248189427E+00    8.456870720E-05
    6.248383974E+00    2.914104024E-05
    6.248546099E+00    6.609396233E-05
    6.248724439E+00    3.799650679E-05
    8           2           1           0
    0.000000000E+00    1.000000000E+00
    8           3           1           0
    0.000000000E+00    1.000000000E+00
    9           1          22           0
    1.585612554E+00    3.194048699E-01
    2.269216473E+00    3.714975407E-01
    3.101471547E+00    1.933706577E-01
    3.491538976E+00    5.117473631E-02
    3.629090841E+00    2.530010338E-02
    3.703863098E+00    1.486349654E-02
    3.749700730E+00    9.189470259E-03
    3.778276972E+00    5.663352624E-03
    3.795949223E+00    3.497689215E-03
    3.806931794E+00    2.184864982E-03
    3.813865663E+00    1.403356919E-03
    3.818246564E+00    8.622840815E-04
    3.820971510E+00    5.451610554E-04
    3.822644720E+00    3.247812506E-04
    3.823666965E+00    2.076746759E-04
    3.824371243E+00    1.525786265E-04
    3.824901379E+00    1.192292060E-04
    3.825264917E+00    7.539820829E-05
    3.825514857E+00    5.785650987E-05
    3.825749656E+00    6.125575070E-05
    3.825923865E+00    2.866437211E-05
    3.826014758E+00    1.497771371E-05
    9           2           4           0
    2.460708905E-09    8.595697955E-01
    5.009313655E-08    4.901616120E-02
    1.064075968E-07    4.678592771E-02
    2.261179858E-07    4.462811555E-02
    9           3           1           0
    0.000000000E+00    1.000000000E+00
   10           1          24           0
    1.285154249E+00    5.524434211E-01
    1.314851417E+00    1.719419671E-01
    1.329386552E+00    9.203386393E-02
    1.339154919E+00    6.384452767E-02
    1.346320724E+00    4.313447496E-02
    1.351312375E+00    2.927946850E-02
    1.354478334E+00    1.614455284E-02
    1.356412885E+00    1.134035122E-02
    1.357751228E+00    7.574651306E-03
    1.358610910E+00    4.562181102E-03
    1.359139488E+00    2.893705592E-03
    1.359468578E+00    1.744596589E-03
    1.359663298E+00    9.954145547E-04
    1.359776623E+00    5.987820386E-04
    1.359843921E+00    3.467956998E-04
    1.359879344E+00    1.491776114E-04
    1.359902370E+00    1.737570747E-04
    1.359932483E+00    2.508158782E-04
    1.359953740E+00    5.087113220E-05
    1.359969684E+00    1.737877226E-04
    1.359994485E+00    1.733065520E-04
    1.360010430E+00    5.135191963E-05
    1.360015745E+00    2.454458226E-05
    1.360022831E+00    7.363328701E-05
   10           2           5           0
    4.003136232E-07    2.079636215E-01
    5.855311669E-07    2.037100824E-01
    8.565520572E-07    1.994928072E-01
    1.252822864E-06    1.957948210E-01
    1.832230878E-06    1.930386678E-01
   10           3           1           0
    0.000000000E+00    1.000000000E+00
   11           1          25           0
    1.257763868E+00    1.979502649E-01
    1.260860095E+00    3.717128071E-01
    1.268635008E+00    1.855750642E-01
    1.279274426E+00    9.182610677E-02
    1.286127125E+00    5.175390450E-02
    1.290827339E+00    3.893429141E-02
    1.294308136E+00    2.417628662E-02
    1.296550865E+00    1.465096282E-02
    1.297958095E+00    8.962084893E-03
    1.298829687E+00    5.394212351E-03
    1.299365536E+00    3.328670617E-03
    1.299699148E+00    2.058666600E-03
    1.299899941E+00    1.167366484E-03
    1.300018509E+00    7.301345835E-04
    1.300093969E+00    4.794086693E-04
    1.300138545E+00    2.369576170E-04
    1.300168282E+00    2.431186428E-04
    1.300194312E+00    1.863822297E-04
    1.300219114E+00    2.247982157E-04
    1.300238962E+00    9.960953778E-05
    1.300246406E+00    1.854015751E-05
    1.300252611E+00    7.779120450E-05
    1.300260057E+00    3.776404822E-05
    1.300269987E+00    1.155552527E-04
    1.300281160E+00    5.925068109E-05
   11           2           6           0
    2.717501068E-06    1.892581394E-01
    4.086719913E-06    1.887071650E-01
    5.868959553E-06    1.408753568E-01
    9.521002073E-06    1.574671242E-01
    1.364628612E-05    1.614337567E-01
    2.090617574E-05    1.622584580E-01
   11           3           1           0
    0.000000000E+00    1.000000000E+00
   12           1          27           0
    1.326520909E+00    1.728085631E-01
    1.406715731E+00    1.995071788E-01
    1.586399619E+00    2.509288827E-01
    1.797828781E+00    1.350418508E-01
    1.934337010E+00    8.873028909E-02
    2.055278370E+00    6.314087741E-02
    2.151030690E+00    3.507861665E-02
    2.212951037E+00    2.067010861E-02
    2.253304269E+00    1.278569416E-02
    2.279594657E+00    7.955289497E-03
    2.296375921E+00    4.822725123E-03
    2.306838806E+00    2.969692340E-03
    2.313228222E+00    1.738638241E-03
    2.316988028E+00    1.017309926E-03
    2.319304950E+00    6.714224286E-04
    2.320744965E+00    3.717055033E-04
    2.321702680E+00    3.232389193E-04
    2.322491685E+00    2.462213280E-04
    2.323196509E+00    2.628974064E-04
    2.323792522E+00    1.593710878E-04
    2.324315998E+00    2.128467992E-04
    2.324864248E+00    1.808901395E-04
    2.325290967E+00    1.280482896E-04
    2.325608135E+00    1.036450954E-04
    2.325876623E+00    8.314643352E-05
    2.326010905E+00    8.547935608E-06
    2.326096373E+00    5.230223063E-05
   12           2           9           0
    3.193463469E-05    9.745646864E-02
    4.924970108E-05    1.058183863E-01
    7.748081210E-05    9.402514902E-02
    1.199361433E-04    8.769701031E-02
    1.913948509E-04    8.128337619E-02
    3.019495171E-04    9.485563794E-02
    4.706092732E-04    7.912754921E-02
    7.444652345E-04    2.323359839E-01
    1.213298264E-03    1.274004385E-01
   12           3           1           0
    0.000000000E+00    1.000000000E+00
   13           1          33           0
    2.471279575E+00    1.090512940E-01
    2.964255251E+00    1.479446764E-01
    4.019741706E+00    1.736037727E-01
    5.869218597E+00    2.090146377E-01
    7.528894201E+00    1.183931367E-01
    8.494402812E+00    8.685584228E-02
    9.257581234E+00    5.465584269E-02
    9.842790568E+00    3.585311434E-02
    1.028207327E+01    2.285695936E-02
    1.058928790E+01    1.426174157E-02
    1.079604267E+01    9.162576847E-03
    1.093175656E+01    5.579893203E-03
    1.101635017E+01    3.375617049E-03
    1.106841870E+01    2.067673941E-03
    1.110151709E+01    1.353626681E-03
    1.112232123E+01    7.909115732E-04
    1.113401146E+01    4.381416455E-04
    1.114405501E+01    6.252815714E-04
    1.115470689E+01    5.053960936E-04
    1.116344729E+01    4.355773875E-04
    1.117195082E+01    4.818920900E-04
    1.118038478E+01    4.194060599E-04
    1.118807246E+01    3.979595070E-04
    1.119543362E+01    3.844861655E-04
    1.120221230E+01    3.292033300E-04
    1.120866083E+01    3.353121978E-04
    1.121418270E+01    2.310886082E-04
    1.121826443E+01    1.861205911E-04
    1.122158334E+01    1.398954086E-04
    1.122439341E+01    1.289758182E-04
    1.122652332E+01    6.983432921E-05
    1.122771647E+01    4.039681141E-05
    1.122848366E+01    2.971533358E-05
   13           2           3           0
    5.245657316E-04    5.740494373E-01
    8.375087657E-04    1.694985248E-01
    1.238966663E-03    2.564520380E-01
   13           3           1           0
    0.000000000E+00    1.000000000E+00
   14           1          33           0
    1.308485265E+01    1.625892894E-01
    1.975405855E+01    2.213136295E-01
    3.019554904E+01    1.877895820E-01
    4.029580524E+01    1.327501010E-01
    4.675707306E+01    1.041620705E-01
    4.989746775E+01    6.872902506E-02
    5.111029867E+01    4.270952350E-02
    5.158583758E+01    2.736928520E-02
    5.180638619E+01    1.771300373E-02
    5.192578297E+01    1.115208535E-02
    5.199596998E+01    7.091707747E-03
    5.203901891E+01    4.358271957E-03
    5.206470281E+01    2.513354536E-03
    5.207925306E+01    1.370009340E-03
    5.208762309E+01    8.351724699E-04
    5.209321494E+01    6.660648011E-04
    5.209756650E+01    5.093210801E-04
    5.210165008E+01    5.931762181E-04
    5.210595285E+01    5.821118295E-04
    5.210987963E+01    5.114215140E-04
    5.211375530E+01    5.486997076E-04
    5.211752570E+01    4.577068051E-04
    5.212100075E+01    4.961858486E-04
    5.212428860E+01    4.084610967E-04
    5.212768830E+01    5.143252342E-04
    5.213128202E+01    4.581869397E-04
    5.213452524E+01    4.186264841E-04
    5.213758082E+01    4.028347734E-04
    5.214020239E+01    3.036489051E-04
    5.214252565E+01    3.137211255E-04
    5.214446771E+01    1.964748869E-04
    5.214564460E+01    1.137357238E-04
    5.214632908E+01    5.918572489E-05
   14           2          10           0
    1.006174354E-05    6.370794264E-02
    1.502515485E-05    8.781284440E-02
    2.275894820E-05    9.024802333E-02
    3.549075967E-05    9.089542632E-02
    5.456851095E-05    1.137571767E-01
    8.375443884E-05    1.141389839E-01
    1.298388183E-04    1.173990127E-01
    1.990315492E-04    1.138625513E-01
    3.058311891E-04    1.013538410E-01
    4.775163865E-04    1.068241978E-01
   14           3           1           0
    0.000000000E+00    1.000000000E+00
   15           1          33           0
    1.143414027E+01    2.341691196E-02
    2.088563738E+01    1.369740102E-01
    3.579352907E+01    2.331480109E-01
    4.756729668E+01    2.188746388E-01
    5.312241176E+01    1.405440318E-01
    5.789141402E+01    8.529517922E-02
    6.186444071E+01    5.655309306E-02
    6.410946205E+01    3.888952360E-02
    6.518586749E+01    2.399784558E-02
    6.562608887E+01    1.426746632E-02
    6.580483243E+01    9.188259546E-03
    6.588179364E+01    5.568873135E-03
    6.591456292E+01    3.321211428E-03
    6.592925581E+01    1.989593008E-03
    6.593617547E+01    1.060457536E-03
    6.593963356E+01    6.498351537E-04
    6.594188687E+01    5.429041038E-04
    6.594377870E+01    5.513340298E-04
    6.594547942E+01    5.101576694E-04
    6.594695221E+01    4.928392482E-04
    6.594828025E+01    5.403097174E-04
    6.594937392E+01    4.203425166E-04
    6.595022788E+01    4.685155092E-04
    6.595092372E+01    3.757059325E-04
    6.595145941E+01    3.882337641E-04
    6.595189381E+01    3.747897471E-04
    6.595221930E+01    3.198480562E-04
    6.595244192E+01    3.089174122E-04
    6.595259095E+01    2.972528084E-04
    6.595268512E+01    2.643936684E-04
    6.595273115E+01    1.855778459E-04
    6.595274773E+01    1.194814163E-04
    6.595275256E+01    1.004553839E-04
   15           2          12           0
    7.684967177E-09    2.524347523E-01
    3.466402536E-08    4.802000869E-02
    5.797553784E-08    5.113889700E-02
    9.689691126E-08    5.444642050E-02
    1.618787001E-07    5.791475632E-02
    2.707075544E-07    6.166608752E-02
    4.534666893E-07    6.564519978E-02
    7.597004124E-07    6.981875509E-02
    1.272766679E-06    7.447988734E-02
    2.132981154E-06    7.990933895E-02
    3.577157373E-06    8.729028622E-02
    5.982161944E-06    9.723561031E-02
   15           3           1           0
    0.000000000E+00    1.000000000E+00
   16           1          33           0
    9.744340470E-01    1.201313438E-01
    1.555030346E+00    1.719915934E-01
    2.003574162E+00    2.371840741E-01
    2.767538702E+00    1.742030828E-01
    4.010160607E+00    1.048641158E-01
    5.281700533E+00    6.752834714E-02
    6.450473358E+00    4.506383645E-02
    7.417795053E+00    2.747837892E-02
    8.132346545E+00    1.731643193E-02
    8.638516294E+00    1.096479378E-02
    8.989345191E+00    7.412702917E-03
    9.231229242E+00    4.846546100E-03
    9.385697411E+00    2.855358564E-03
    9.477696343E+00    1.690258432E-03
    9.536702326E+00    1.186258299E-03
    9.577619362E+00    7.919115870E-04
    9.605198185E+00    5.185797354E-04
    9.626397825E+00    4.617266050E-04
    9.649701617E+00    6.074332222E-04
    9.672311025E+00    4.134042744E-04
    9.691912783E+00    4.477717400E-04
    9.711180932E+00    3.780073060E-04
    9.726631969E+00    2.653014680E-04
    9.738241759E+00    2.168734484E-04
    9.749870323E+00    2.700993665E-04
    9.760739797E+00    1.871652405E-04
    9.769810231E+00    2.109139941E-04
    9.778372431E+00    1.681694512E-04
    9.784086031E+00    9.025143950E-05
    9.787724318E+00    8.356517325E-05
    9.791104339E+00    8.589390712E-05
    9.793705382E+00    4.945263094E-05
    9.795266456E+00    3.635690669E-05
   16           2           1           0
    0.000000000E+00    1.000000000E+00
   16           3           5           0
    5.912613115E-09    7.309265932E-01
    6.000005329E-08    1.323658112E-01
    1.245660720E-07    9.763888366E-02
    3.200132148E-07    3.454265402E-02
    9.726439929E-07    4.526057934E-03
   17           1          28           0
    7.323992709E-02    1.186479705E-01
    9.449984924E-02    3.143741233E-01
    1.226683969E-01    1.606496847E-01
    1.655728148E-01    1.634529761E-01
    2.455767764E-01    1.233790430E-01
    3.265068113E-01    5.203205777E-02
    4.072756310E-01    2.469977061E-02
    4.860696757E-01    1.605538897E-02
    5.521541722E-01    9.379272042E-03
    6.001190039E-01    5.774828706E-03
    6.342535487E-01    4.283955322E-03
    6.577808720E-01    2.526677659E-03
    6.724298316E-01    1.490953155E-03
    6.815024350E-01    8.775373729E-04
    6.872966515E-01    5.014272690E-04
    6.909684637E-01    2.987273068E-04
    6.938506000E-01    3.062464472E-04
    6.964322792E-01    2.241119903E-04
    6.985924669E-01    2.004989057E-04
    7.005943187E-01    2.205262537E-04
    7.021841407E-01    1.360225017E-04
    7.034460171E-01    1.300881781E-04
    7.044650215E-01    9.340954745E-05
    7.051689291E-01    9.778568327E-05
    7.056992923E-01    8.226238979E-05
    7.059685842E-01    3.860598156E-05
    7.060794994E-01    1.547985675E-05
    7.061745839E-01    3.056845783E-05
   17           2          10           0
    3.537564219E-11    9.054208421E-01
    5.950112700E-08    1.672233141E-03
    1.455061842E-07    3.927183479E-03
    3.378768994E-07    5.558909948E-03
    8.222284626E-07    5.275378131E-03
    1.921128334E-06    8.475319956E-03
    4.753872538E-06    1.503385799E-02
    1.079768881E-05    2.097914149E-02
    2.386226929E-05    2.249268504E-02
    5.981296740E-05    1.116444869E-02
   17           3          20           0
    3.460828816E-09    1.066703191E-02
    3.187178945E-08    1.731508170E-03
    5.059753628E-08    2.301156488E-03
    8.717004192E-08    6.418804025E-03
    1.235241042E-07    1.519367394E-01
    1.861108445E-07    5.514823806E-02
    3.031846878E-07    4.518971474E-02
    4.668631042E-07    3.825991839E-02
    7.437025026E-07    5.044072749E-02
    1.159540465E-06    4.217250662E-02
    1.847258888E-06    5.072808509E-02
    2.970716940E-06    4.548626736E-02
    4.642843325E-06    4.351512813E-02
    7.282993644E-06    4.470540390E-02
    1.148885925E-05    4.518693862E-02
    1.814229107E-05    4.668496947E-02
    2.880969091E-05    5.277357865E-02
    4.613050790E-05    7.195340480E-02
    6.881539728E-05    8.637124465E-02
    1.052539231E-04    1.083286341E-01
*END
